
============================================================
ANALISIS: TSLA | p5_continuation_put | ENTRADA: 384.02 | TP: 364.82 | SL: 395.54
Hora  |  Open  |  High  |  Low   |  Close |  Vol
14:30 | 390.01 | 396.23 | 389.28 | 393.27 | 5431139 
14:45 | 393.27 | 393.78 | 391.65 | 392.02 | 2650989 
15:00 | 392.05 | 393.55 | 390.50 | 393.18 | 2594463 
15:15 | 393.16 | 394.83 | 392.73 | 393.83 | 2102931 
15:30 | 393.95 | 394.81 | 393.16 | 394.20 | 1440897 
15:45 | 394.20 | 394.45 | 393.02 | 393.20 | 1343581 
16:00 | 393.18 | 393.60 | 391.50 | 391.68 | 1781415 
16:15 | 391.69 | 392.67 | 389.26 | 392.60 | 2399765 
16:30 | 392.62 | 393.05 | 390.29 | 390.77 | 1536287 
16:45 | 390.78 | 390.92 | 388.27 | 388.87 | 2055448 
17:00 | 388.86 | 389.47 | 387.84 | 388.22 | 1656405 
17:15 | 388.19 | 389.79 | 387.60 | 389.14 | 1431754 
17:30 | 389.11 | 390.16 | 388.81 | 389.52 | 1192034 
17:45 | 389.58 | 389.76 | 388.64 | 389.37 | 1039120 
18:00 | 389.37 | 389.65 | 387.84 | 388.84 | 1188359 
18:15 | 388.82 | 388.88 | 387.98 | 388.30 | 1049963 
18:30 | 388.31 | 389.75 | 387.68 | 389.27 | 1169827 
18:45 | 389.27 | 389.31 | 387.33 | 388.28 | 1436060 
19:00 | 388.21 | 388.35 | 387.45 | 388.11 | 890962 
19:15 | 388.14 | 388.92 | 387.56 | 387.66 | 1014850 
19:30 | 387.65 | 387.87 | 386.51 | 386.69 | 1373058 
19:45 | 386.69 | 387.10 | 385.47 | 386.19 | 1292629 
20:00 | 386.23 | 386.23 | 385.07 | 385.64 | 1466330 
20:15 | 385.65 | 386.97 | 385.46 | 385.49 | 1349350 
20:30 | 385.47 | 386.29 | 385.01 | 385.77 | 1229082 
20:45 | 385.73 | 386.51 | 385.42 | 385.94 | 1664635 
14:30 | 381.60 | 383.38 | 379.48 | 382.89 | 3703936 [ENTRADA]
14:45 | 382.85 | 384.44 | 382.39 | 384.02 | 2575443 
15:00 | 384.04 | 384.30 | 381.39 | 382.74 | 2405799 
15:15 | 382.72 | 383.35 | 381.21 | 381.22 | 1537395 
15:30 | 381.21 | 382.61 | 379.93 | 380.11 | 1954874 
15:45 | 380.09 | 380.81 | 377.98 | 379.60 | 2267552 
16:00 | 379.61 | 380.65 | 379.45 | 379.94 | 1330637 
16:15 | 379.91 | 380.47 | 378.90 | 380.00 | 1223981 
16:30 | 380.01 | 380.53 | 379.47 | 379.99 | 933672 
16:45 | 380.00 | 381.09 | 379.47 | 379.75 | 1056691 
17:00 | 379.73 | 379.86 | 378.90 | 379.21 | 926576 
17:15 | 379.23 | 379.23 | 376.96 | 377.22 | 1661911 
17:30 | 377.25 | 377.89 | 376.64 | 377.19 | 1259612 
17:45 | 377.19 | 377.84 | 376.43 | 377.66 | 1118901 
18:00 | 377.69 | 378.10 | 376.88 | 376.92 | 980523 
18:15 | 376.90 | 377.37 | 376.32 | 377.02 | 940853 
18:30 | 377.01 | 377.71 | 376.05 | 376.06 | 1108120 
18:45 | 376.08 | 376.31 | 374.61 | 374.88 | 1598429 
19:00 | 374.86 | 375.76 | 374.82 | 375.48 | 1228367 
19:15 | 375.46 | 375.83 | 374.41 | 374.75 | 1182096 
19:30 | 374.77 | 375.84 | 374.75 | 375.14 | 1182566 
19:45 | 375.12 | 375.58 | 374.28 | 374.55 | 1184510 
20:00 | 374.55 | 374.78 | 372.51 | 372.84 | 1866896 
20:15 | 372.85 | 373.71 | 372.59 | 373.15 | 1591141 
20:30 | 373.15 | 373.30 | 372.47 | 372.80 | 1481900 
20:45 | 372.79 | 374.00 | 371.87 | 372.24 | 2892337 
14:30 | 369.80 | 369.86 | 363.52 | 364.64 | 4353003 
RESULTADO: EXITO
============================================================


============================================================
ANALISIS: TSLA | p5_continuation_put | ENTRADA: 384.02 | TP: 364.82 | SL: 395.54
Hora  |  Open  |  High  |  Low   |  Close |  Vol
14:30 | 390.01 | 396.23 | 389.28 | 393.27 | 5431139 
14:45 | 393.27 | 393.78 | 391.65 | 392.02 | 2650989 
15:00 | 392.05 | 393.55 | 390.50 | 393.18 | 2594463 
15:15 | 393.16 | 394.83 | 392.73 | 393.83 | 2102931 
15:30 | 393.95 | 394.81 | 393.16 | 394.20 | 1440897 
15:45 | 394.20 | 394.45 | 393.02 | 393.20 | 1343581 
16:00 | 393.18 | 393.60 | 391.50 | 391.68 | 1781415 
16:15 | 391.69 | 392.67 | 389.26 | 392.60 | 2399765 
16:30 | 392.62 | 393.05 | 390.29 | 390.77 | 1536287 
16:45 | 390.78 | 390.92 | 388.27 | 388.87 | 2055448 
17:00 | 388.86 | 389.47 | 387.84 | 388.22 | 1656405 
17:15 | 388.19 | 389.79 | 387.60 | 389.14 | 1431754 
17:30 | 389.11 | 390.16 | 388.81 | 389.52 | 1192034 
17:45 | 389.58 | 389.76 | 388.64 | 389.37 | 1039120 
18:00 | 389.37 | 389.65 | 387.84 | 388.84 | 1188359 
18:15 | 388.82 | 388.88 | 387.98 | 388.30 | 1049963 
18:30 | 388.31 | 389.75 | 387.68 | 389.27 | 1169827 
18:45 | 389.27 | 389.31 | 387.33 | 388.28 | 1436060 
19:00 | 388.21 | 388.35 | 387.45 | 388.11 | 890962 
19:15 | 388.14 | 388.92 | 387.56 | 387.66 | 1014850 
19:30 | 387.65 | 387.87 | 386.51 | 386.69 | 1373058 
19:45 | 386.69 | 387.10 | 385.47 | 386.19 | 1292629 
20:00 | 386.23 | 386.23 | 385.07 | 385.64 | 1466330 
20:15 | 385.65 | 386.97 | 385.46 | 385.49 | 1349350 
20:30 | 385.47 | 386.29 | 385.01 | 385.77 | 1229082 
20:45 | 385.73 | 386.51 | 385.42 | 385.94 | 1664635 
14:30 | 381.60 | 383.38 | 379.48 | 382.89 | 3703936 [ENTRADA]
14:45 | 382.85 | 384.44 | 382.39 | 384.02 | 2575443 
15:00 | 384.04 | 384.30 | 381.39 | 382.74 | 2405799 
15:15 | 382.72 | 383.35 | 381.21 | 381.22 | 1537395 
15:30 | 381.21 | 382.61 | 379.93 | 380.11 | 1954874 
15:45 | 380.09 | 380.81 | 377.98 | 379.60 | 2267552 
16:00 | 379.61 | 380.65 | 379.45 | 379.94 | 1330637 
16:15 | 379.91 | 380.47 | 378.90 | 380.00 | 1223981 
16:30 | 380.01 | 380.53 | 379.47 | 379.99 | 933672 
16:45 | 380.00 | 381.09 | 379.47 | 379.75 | 1056691 
17:00 | 379.73 | 379.86 | 378.90 | 379.21 | 926576 
17:15 | 379.23 | 379.23 | 376.96 | 377.22 | 1661911 
17:30 | 377.25 | 377.89 | 376.64 | 377.19 | 1259612 
17:45 | 377.19 | 377.84 | 376.43 | 377.66 | 1118901 
18:00 | 377.69 | 378.10 | 376.88 | 376.92 | 980523 
18:15 | 376.90 | 377.37 | 376.32 | 377.02 | 940853 
18:30 | 377.01 | 377.71 | 376.05 | 376.06 | 1108120 
18:45 | 376.08 | 376.31 | 374.61 | 374.88 | 1598429 
19:00 | 374.86 | 375.76 | 374.82 | 375.48 | 1228367 
19:15 | 375.46 | 375.83 | 374.41 | 374.75 | 1182096 
19:30 | 374.77 | 375.84 | 374.75 | 375.14 | 1182566 
19:45 | 375.12 | 375.58 | 374.28 | 374.55 | 1184510 
20:00 | 374.55 | 374.78 | 372.51 | 372.84 | 1866896 
20:15 | 372.85 | 373.71 | 372.59 | 373.15 | 1591141 
20:30 | 373.15 | 373.30 | 372.47 | 372.80 | 1481900 
20:45 | 372.79 | 374.00 | 371.87 | 372.24 | 2892337 
14:30 | 369.80 | 369.86 | 363.52 | 364.64 | 4353003 
RESULTADO: EXITO
============================================================


============================================================
ANALISIS: TSLA | p5_continuation_put | ENTRADA: 384.02 | TP: 364.82 | SL: 395.54
Hora  |  Open  |  High  |  Low   |  Close |  Vol
14:30 | 390.01 | 396.23 | 389.28 | 393.27 | 5431139 
14:45 | 393.27 | 393.78 | 391.65 | 392.02 | 2650989 
15:00 | 392.05 | 393.55 | 390.50 | 393.18 | 2594463 
15:15 | 393.16 | 394.83 | 392.73 | 393.83 | 2102931 
15:30 | 393.95 | 394.81 | 393.16 | 394.20 | 1440897 
15:45 | 394.20 | 394.45 | 393.02 | 393.20 | 1343581 
16:00 | 393.18 | 393.60 | 391.50 | 391.68 | 1781415 
16:15 | 391.69 | 392.67 | 389.26 | 392.60 | 2399765 
16:30 | 392.62 | 393.05 | 390.29 | 390.77 | 1536287 
16:45 | 390.78 | 390.92 | 388.27 | 388.87 | 2055448 
17:00 | 388.86 | 389.47 | 387.84 | 388.22 | 1656405 
17:15 | 388.19 | 389.79 | 387.60 | 389.14 | 1431754 
17:30 | 389.11 | 390.16 | 388.81 | 389.52 | 1192034 
17:45 | 389.58 | 389.76 | 388.64 | 389.37 | 1039120 
18:00 | 389.37 | 389.65 | 387.84 | 388.84 | 1188359 
18:15 | 388.82 | 388.88 | 387.98 | 388.30 | 1049963 
18:30 | 388.31 | 389.75 | 387.68 | 389.27 | 1169827 
18:45 | 389.27 | 389.31 | 387.33 | 388.28 | 1436060 
19:00 | 388.21 | 388.35 | 387.45 | 388.11 | 890962 
19:15 | 388.14 | 388.92 | 387.56 | 387.66 | 1014850 
19:30 | 387.65 | 387.87 | 386.51 | 386.69 | 1373058 
19:45 | 386.69 | 387.10 | 385.47 | 386.19 | 1292629 
20:00 | 386.23 | 386.23 | 385.07 | 385.64 | 1466330 
20:15 | 385.65 | 386.97 | 385.46 | 385.49 | 1349350 
20:30 | 385.47 | 386.29 | 385.01 | 385.77 | 1229082 
20:45 | 385.73 | 386.51 | 385.42 | 385.94 | 1664635 
14:30 | 381.60 | 383.38 | 379.48 | 382.89 | 3703936 [ENTRADA]
14:45 | 382.85 | 384.44 | 382.39 | 384.02 | 2575443 
15:00 | 384.04 | 384.30 | 381.39 | 382.74 | 2405799 
15:15 | 382.72 | 383.35 | 381.21 | 381.22 | 1537395 
15:30 | 381.21 | 382.61 | 379.93 | 380.11 | 1954874 
15:45 | 380.09 | 380.81 | 377.98 | 379.60 | 2267552 
16:00 | 379.61 | 380.65 | 379.45 | 379.94 | 1330637 
16:15 | 379.91 | 380.47 | 378.90 | 380.00 | 1223981 
16:30 | 380.01 | 380.53 | 379.47 | 379.99 | 933672 
16:45 | 380.00 | 381.09 | 379.47 | 379.75 | 1056691 
17:00 | 379.73 | 379.86 | 378.90 | 379.21 | 926576 
17:15 | 379.23 | 379.23 | 376.96 | 377.22 | 1661911 
17:30 | 377.25 | 377.89 | 376.64 | 377.19 | 1259612 
17:45 | 377.19 | 377.84 | 376.43 | 377.66 | 1118901 
18:00 | 377.69 | 378.10 | 376.88 | 376.92 | 980523 
18:15 | 376.90 | 377.37 | 376.32 | 377.02 | 940853 
18:30 | 377.01 | 377.71 | 376.05 | 376.06 | 1108120 
18:45 | 376.08 | 376.31 | 374.61 | 374.88 | 1598429 
19:00 | 374.86 | 375.76 | 374.82 | 375.48 | 1228367 
19:15 | 375.46 | 375.83 | 374.41 | 374.75 | 1182096 
19:30 | 374.77 | 375.84 | 374.75 | 375.14 | 1182566 
19:45 | 375.12 | 375.58 | 374.28 | 374.55 | 1184510 
20:00 | 374.55 | 374.78 | 372.51 | 372.84 | 1866896 
20:15 | 372.85 | 373.71 | 372.59 | 373.15 | 1591141 
20:30 | 373.15 | 373.30 | 372.47 | 372.80 | 1481900 
20:45 | 372.79 | 374.00 | 371.87 | 372.24 | 2892337 
14:30 | 369.80 | 369.86 | 363.52 | 364.64 | 4353003 
RESULTADO: EXITO
============================================================


============================================================
ANALISIS: TSLA | p5_continuation_put | ENTRADA: 384.02 | TP: 364.82 | SL: 395.54
Hora  |  Open  |  High  |  Low   |  Close |  Vol
14:30 | 390.01 | 396.23 | 389.28 | 393.27 | 5431139 
14:45 | 393.27 | 393.78 | 391.65 | 392.02 | 2650989 
15:00 | 392.05 | 393.55 | 390.50 | 393.18 | 2594463 
15:15 | 393.16 | 394.83 | 392.73 | 393.83 | 2102931 
15:30 | 393.95 | 394.81 | 393.16 | 394.20 | 1440897 
15:45 | 394.20 | 394.45 | 393.02 | 393.20 | 1343581 
16:00 | 393.18 | 393.60 | 391.50 | 391.68 | 1781415 
16:15 | 391.69 | 392.67 | 389.26 | 392.60 | 2399765 
16:30 | 392.62 | 393.05 | 390.29 | 390.77 | 1536287 
16:45 | 390.78 | 390.92 | 388.27 | 388.87 | 2055448 
17:00 | 388.86 | 389.47 | 387.84 | 388.22 | 1656405 
17:15 | 388.19 | 389.79 | 387.60 | 389.14 | 1431754 
17:30 | 389.11 | 390.16 | 388.81 | 389.52 | 1192034 
17:45 | 389.58 | 389.76 | 388.64 | 389.37 | 1039120 
18:00 | 389.37 | 389.65 | 387.84 | 388.84 | 1188359 
18:15 | 388.82 | 388.88 | 387.98 | 388.30 | 1049963 
18:30 | 388.31 | 389.75 | 387.68 | 389.27 | 1169827 
18:45 | 389.27 | 389.31 | 387.33 | 388.28 | 1436060 
19:00 | 388.21 | 388.35 | 387.45 | 388.11 | 890962 
19:15 | 388.14 | 388.92 | 387.56 | 387.66 | 1014850 
19:30 | 387.65 | 387.87 | 386.51 | 386.69 | 1373058 
19:45 | 386.69 | 387.10 | 385.47 | 386.19 | 1292629 
20:00 | 386.23 | 386.23 | 385.07 | 385.64 | 1466330 
20:15 | 385.65 | 386.97 | 385.46 | 385.49 | 1349350 
20:30 | 385.47 | 386.29 | 385.01 | 385.77 | 1229082 
20:45 | 385.73 | 386.51 | 385.42 | 385.94 | 1664635 
14:30 | 381.60 | 383.38 | 379.48 | 382.89 | 3703936 [ENTRADA]
14:45 | 382.85 | 384.44 | 382.39 | 384.02 | 2575443 
15:00 | 384.04 | 384.30 | 381.39 | 382.74 | 2405799 
15:15 | 382.72 | 383.35 | 381.21 | 381.22 | 1537395 
15:30 | 381.21 | 382.61 | 379.93 | 380.11 | 1954874 
15:45 | 380.09 | 380.81 | 377.98 | 379.60 | 2267552 
16:00 | 379.61 | 380.65 | 379.45 | 379.94 | 1330637 
16:15 | 379.91 | 380.47 | 378.90 | 380.00 | 1223981 
16:30 | 380.01 | 380.53 | 379.47 | 379.99 | 933672 
16:45 | 380.00 | 381.09 | 379.47 | 379.75 | 1056691 
17:00 | 379.73 | 379.86 | 378.90 | 379.21 | 926576 
17:15 | 379.23 | 379.23 | 376.96 | 377.22 | 1661911 
17:30 | 377.25 | 377.89 | 376.64 | 377.19 | 1259612 
17:45 | 377.19 | 377.84 | 376.43 | 377.66 | 1118901 
18:00 | 377.69 | 378.10 | 376.88 | 376.92 | 980523 
18:15 | 376.90 | 377.37 | 376.32 | 377.02 | 940853 
18:30 | 377.01 | 377.71 | 376.05 | 376.06 | 1108120 
18:45 | 376.08 | 376.31 | 374.61 | 374.88 | 1598429 
19:00 | 374.86 | 375.76 | 374.82 | 375.48 | 1228367 
19:15 | 375.46 | 375.83 | 374.41 | 374.75 | 1182096 
19:30 | 374.77 | 375.84 | 374.75 | 375.14 | 1182566 
19:45 | 375.12 | 375.58 | 374.28 | 374.55 | 1184510 
20:00 | 374.55 | 374.78 | 372.51 | 372.84 | 1866896 
20:15 | 372.85 | 373.71 | 372.59 | 373.15 | 1591141 
20:30 | 373.15 | 373.30 | 372.47 | 372.80 | 1481900 
20:45 | 372.79 | 374.00 | 371.87 | 372.24 | 2892337 
14:30 | 369.80 | 369.86 | 363.52 | 364.64 | 4353003 
RESULTADO: EXITO
============================================================


============================================================
ANALISIS: NVDA | P5_CONTINUATION_PUT | ENTRADA: 177.67 | TP: 169.67 | SL: 182.11
Hora  |  Open  |  High  |  Low   |  Close |  Vol
14:30 | 182.57 | 182.82 | 180.72 | 181.64 | 10871761 
14:45 | 181.65 | 182.60 | 181.61 | 182.47 | 6741222 
15:00 | 182.47 | 183.38 | 182.20 | 182.43 | 7137442 
15:15 | 182.45 | 182.94 | 182.13 | 182.28 | 4737914 
15:30 | 182.28 | 182.81 | 182.10 | 182.11 | 4638348 
15:45 | 182.10 | 182.77 | 181.84 | 182.76 | 4357409 
16:00 | 182.77 | 183.24 | 182.61 | 182.95 | 5451096 
16:15 | 182.95 | 182.99 | 182.27 | 182.54 | 4028937 
16:30 | 182.54 | 182.71 | 182.32 | 182.49 | 3005571 
16:45 | 182.50 | 182.67 | 182.32 | 182.47 | 3063505 
17:00 | 182.47 | 182.82 | 182.36 | 182.69 | 2392276 
17:15 | 182.70 | 182.85 | 182.36 | 182.74 | 2670789 
17:30 | 182.74 | 182.76 | 182.10 | 182.28 | 3025128 
17:45 | 182.28 | 182.67 | 182.17 | 182.43 | 2398531 
18:00 | 182.42 | 182.44 | 181.91 | 181.96 | 2584042 
18:15 | 181.95 | 182.09 | 181.83 | 182.07 | 2285836 
18:30 | 182.07 | 182.52 | 181.82 | 182.39 | 2711384 
18:45 | 182.39 | 182.74 | 182.38 | 182.63 | 2541264 
19:00 | 182.64 | 183.15 | 182.56 | 182.69 | 3896271 
19:15 | 182.70 | 182.72 | 182.03 | 182.31 | 2890993 
19:30 | 182.31 | 182.40 | 181.60 | 181.90 | 4916536 
19:45 | 181.89 | 181.95 | 181.09 | 181.23 | 4059904 
20:00 | 181.22 | 181.68 | 181.07 | 181.25 | 4229706 
20:15 | 181.24 | 181.35 | 180.88 | 181.25 | 4500061 
20:30 | 181.23 | 181.39 | 180.70 | 180.80 | 4125843 
20:45 | 180.80 | 180.97 | 180.33 | 180.35 | 6627134 
14:30 | 178.01 | 178.03 | 175.78 | 176.34 | 14439936 [ENTRADA]
14:45 | 176.34 | 177.68 | 176.03 | 177.67 | 8863368 
15:00 | 177.66 | 178.18 | 177.22 | 178.09 | 6723399 
15:15 | 178.09 | 178.40 | 177.36 | 177.59 | 5213835 
15:30 | 177.59 | 178.47 | 177.55 | 177.81 | 4871590 
15:45 | 177.81 | 178.40 | 177.63 | 178.20 | 3784895 
16:00 | 178.19 | 179.05 | 178.02 | 178.88 | 4849607 
16:15 | 178.87 | 179.02 | 178.06 | 178.24 | 4237658 
16:30 | 178.24 | 178.24 | 177.69 | 177.83 | 3363041 
16:45 | 177.82 | 178.36 | 177.66 | 178.31 | 3116914 
17:00 | 178.30 | 178.94 | 178.16 | 178.61 | 3709344 
17:15 | 178.61 | 178.87 | 178.33 | 178.78 | 2646646 
17:30 | 178.79 | 178.90 | 178.33 | 178.42 | 3174946 
17:45 | 178.42 | 178.46 | 178.06 | 178.16 | 2475943 
18:00 | 178.16 | 178.20 | 177.56 | 177.69 | 2858355 
18:15 | 177.69 | 178.75 | 177.63 | 178.55 | 3530616 
18:30 | 178.55 | 178.75 | 178.06 | 178.16 | 2107605 
18:45 | 178.15 | 178.55 | 177.97 | 178.23 | 2048566 
19:00 | 178.22 | 178.93 | 178.08 | 178.87 | 2255630 
19:15 | 178.86 | 179.24 | 178.71 | 178.97 | 3363950 
19:30 | 178.98 | 178.99 | 178.23 | 178.28 | 2468251 
19:45 | 178.28 | 178.73 | 178.09 | 178.65 | 2583613 
20:00 | 178.65 | 179.94 | 178.59 | 179.71 | 6447083 
20:15 | 179.71 | 179.98 | 178.87 | 179.14 | 4672796 
20:30 | 179.13 | 179.15 | 178.22 | 178.39 | 4703809 
20:45 | 178.39 | 178.88 | 177.91 | 178.50 | 8386373 
14:30 | 178.00 | 178.26 | 176.75 | 177.71 | 20466134 
RESULTADO: EN CURSO
============================================================


============================================================
ANALISIS: TSLA | P5_CONTINUATION_PUT | ENTRADA: 383.09 | TP: 365.85 | SL: 392.67
Hora  |  Open  |  High  |  Low   |  Close |  Vol
14:30 | 399.00 | 401.97 | 398.06 | 401.86 | 3485228 
14:45 | 401.86 | 403.06 | 401.31 | 402.99 | 3057862 
15:00 | 402.97 | 403.06 | 399.82 | 399.84 | 2436614 
15:15 | 399.85 | 400.35 | 397.57 | 397.88 | 2319303 
15:30 | 397.87 | 398.64 | 397.70 | 398.16 | 1683748 
15:45 | 398.15 | 398.60 | 397.61 | 398.45 | 1385299 
16:00 | 398.46 | 399.80 | 397.85 | 398.70 | 1740481 
16:15 | 398.74 | 399.16 | 397.34 | 397.65 | 1337394 
16:30 | 397.62 | 398.24 | 397.41 | 398.03 | 1190644 
16:45 | 398.02 | 398.50 | 397.42 | 398.21 | 1036060 
17:00 | 398.21 | 398.42 | 397.51 | 398.12 | 936262 
17:15 | 398.13 | 398.66 | 397.76 | 397.85 | 873389 
17:30 | 397.84 | 398.24 | 396.76 | 397.46 | 1239183 
17:45 | 397.48 | 397.98 | 397.06 | 397.44 | 925301 
18:00 | 397.40 | 397.54 | 396.20 | 396.88 | 987513 
18:15 | 396.86 | 397.23 | 396.55 | 397.17 | 694766 
18:30 | 397.18 | 398.04 | 397.00 | 397.33 | 918926 
18:45 | 397.30 | 398.06 | 397.30 | 397.68 | 840747 
19:00 | 397.72 | 398.55 | 397.29 | 397.47 | 1350982 
19:15 | 397.50 | 397.51 | 396.45 | 397.24 | 1209948 
19:30 | 397.19 | 397.58 | 395.86 | 396.79 | 1486490 
19:45 | 396.76 | 396.86 | 394.90 | 394.98 | 1568843 
20:00 | 394.99 | 395.94 | 394.69 | 395.62 | 1460063 
20:15 | 395.59 | 395.67 | 394.16 | 394.68 | 1385098 
20:30 | 394.68 | 394.85 | 393.30 | 393.54 | 1520367 
20:45 | 393.55 | 393.57 | 392.31 | 392.85 | 2713540 
14:30 | 387.27 | 387.27 | 379.72 | 382.82 | 5875132 [ENTRADA]
14:45 | 382.88 | 384.22 | 381.44 | 383.09 | 2735957 
15:00 | 383.08 | 384.15 | 382.56 | 383.21 | 2598810 
15:15 | 383.19 | 383.55 | 379.79 | 380.65 | 2839790 
15:30 | 380.64 | 382.71 | 380.52 | 381.26 | 2658274 
15:45 | 381.30 | 381.70 | 380.24 | 381.35 | 2033087 
16:00 | 381.33 | 384.08 | 381.32 | 383.81 | 2142337 
16:15 | 383.81 | 384.22 | 382.15 | 383.02 | 1645821 
16:30 | 383.06 | 383.09 | 381.35 | 381.36 | 1332325 
16:45 | 381.35 | 382.39 | 380.82 | 382.20 | 1511941 
17:00 | 382.18 | 383.65 | 381.78 | 382.58 | 1484086 
17:15 | 382.58 | 382.71 | 381.61 | 381.89 | 1072226 
17:30 | 381.91 | 382.63 | 381.12 | 382.02 | 1345863 
17:45 | 382.01 | 382.50 | 380.85 | 382.26 | 1234574 
18:00 | 382.30 | 382.45 | 380.20 | 380.57 | 1225590 
18:15 | 380.54 | 381.90 | 380.24 | 381.64 | 1111581 
18:30 | 381.66 | 382.07 | 380.62 | 380.93 | 951238 
18:45 | 380.94 | 382.24 | 380.65 | 381.46 | 930666 
19:00 | 381.46 | 382.90 | 380.90 | 382.60 | 1170709 
19:15 | 382.60 | 382.80 | 381.40 | 381.42 | 944893 
19:30 | 381.42 | 381.80 | 380.26 | 380.33 | 1376477 
19:45 | 380.32 | 381.35 | 378.73 | 381.20 | 2610312 
20:00 | 381.20 | 384.95 | 381.06 | 384.16 | 2985175 
20:15 | 384.16 | 384.34 | 382.18 | 382.66 | 1584520 
20:30 | 382.68 | 382.86 | 381.20 | 382.08 | 1454875 
20:45 | 382.05 | 382.68 | 380.05 | 380.24 | 2981873 
14:30 | 379.85 | 379.87 | 373.33 | 374.89 | 4393004 
RESULTADO: EN CURSO
============================================================


============================================================
ANALISIS: AAPL | P5_CONTINUATION_PUT | ENTRADA: 247.68 | TP: 236.53 | SL: 253.87
Hora  |  Open  |  High  |  Low   |  Close |  Vol
14:30 | 249.40 | 250.70 | 247.30 | 250.49 | 2394097 
14:45 | 250.47 | 251.83 | 250.34 | 250.78 | 1365097 
15:00 | 250.80 | 251.18 | 250.20 | 250.72 | 759956 
15:15 | 250.71 | 250.82 | 249.66 | 249.80 | 582262 
15:30 | 249.82 | 250.71 | 249.56 | 249.64 | 576599 
15:45 | 249.64 | 250.20 | 249.34 | 249.87 | 500500 
16:00 | 249.86 | 250.27 | 249.60 | 250.10 | 418135 
16:15 | 250.10 | 250.17 | 249.14 | 249.41 | 438636 
16:30 | 249.41 | 249.52 | 249.12 | 249.15 | 381138 
16:45 | 249.15 | 249.75 | 249.04 | 249.62 | 482542 
17:00 | 249.62 | 249.96 | 249.36 | 249.66 | 452799 
17:15 | 249.64 | 249.70 | 248.88 | 249.26 | 387689 
17:30 | 249.27 | 249.42 | 248.42 | 248.54 | 520250 
17:45 | 248.55 | 248.57 | 247.87 | 248.04 | 399450 
18:00 | 248.03 | 248.23 | 247.71 | 247.99 | 427041 
18:15 | 248.00 | 248.54 | 247.91 | 248.28 | 363616 
18:30 | 248.29 | 248.45 | 247.78 | 247.99 | 341483 
18:45 | 248.01 | 248.31 | 247.72 | 247.95 | 365918 
19:00 | 247.96 | 248.53 | 247.67 | 248.40 | 474910 
19:15 | 248.40 | 248.50 | 248.01 | 248.02 | 340810 
19:30 | 248.01 | 248.22 | 247.67 | 247.72 | 370189 
19:45 | 247.74 | 248.58 | 247.71 | 248.43 | 467702 
20:00 | 248.43 | 249.59 | 248.40 | 249.06 | 1310792 
20:15 | 249.05 | 249.37 | 248.17 | 248.47 | 649247 
20:30 | 248.44 | 248.85 | 248.26 | 248.52 | 582471 
20:45 | 248.51 | 249.33 | 248.30 | 248.91 | 1935262 
14:30 | 247.64 | 248.73 | 246.61 | 247.33 | 9210778 [ENTRADA]
14:45 | 247.33 | 248.76 | 247.30 | 247.68 | 1043674 
15:00 | 247.66 | 247.76 | 246.82 | 247.64 | 764274 
15:15 | 247.63 | 248.47 | 247.59 | 247.77 | 753993 
15:30 | 247.79 | 248.08 | 247.16 | 248.01 | 643192 
15:45 | 248.00 | 248.85 | 247.85 | 248.19 | 700242 
16:00 | 248.20 | 248.64 | 247.85 | 248.21 | 453135 
16:15 | 248.23 | 248.65 | 247.78 | 247.99 | 525921 
16:30 | 247.97 | 248.32 | 247.86 | 248.31 | 305048 
16:45 | 248.30 | 248.93 | 248.12 | 248.84 | 364974 
17:00 | 248.85 | 249.06 | 248.56 | 248.84 | 392630 
17:15 | 248.84 | 248.90 | 248.55 | 248.62 | 368814 
17:30 | 248.65 | 248.66 | 248.13 | 248.41 | 350048 
17:45 | 248.40 | 248.68 | 248.08 | 248.44 | 296849 
18:00 | 248.46 | 248.79 | 248.21 | 248.49 | 347338 
18:15 | 248.47 | 248.62 | 248.16 | 248.27 | 306206 
18:30 | 248.29 | 248.38 | 247.53 | 247.86 | 382389 
18:45 | 247.88 | 248.27 | 247.64 | 248.17 | 410600 
19:00 | 248.18 | 248.76 | 248.17 | 248.41 | 469219 
19:15 | 248.42 | 248.50 | 247.76 | 248.08 | 449415 
19:30 | 248.07 | 248.27 | 247.81 | 247.95 | 458512 
19:45 | 247.95 | 248.45 | 247.59 | 248.45 | 479523 
20:00 | 248.45 | 249.20 | 248.12 | 248.21 | 862984 
20:15 | 248.22 | 248.37 | 247.87 | 248.09 | 720248 
20:30 | 248.09 | 248.15 | 246.82 | 247.72 | 1059948 
20:45 | 247.71 | 248.21 | 246.00 | 248.19 | 3385316 
14:30 | 253.93 | 254.53 | 251.36 | 253.32 | 2791593 
RESULTADO: FALLO
============================================================


============================================================
ANALISIS: AMD | P5_CONTINUATION_PUT | ENTRADA: 198.37 | TP: 189.44 | SL: 203.33
Hora  |  Open  |  High  |  Low   |  Close |  Vol
14:30 | 218.03 | 221.00 | 216.10 | 217.09 | 3152917 
14:45 | 217.14 | 217.50 | 214.66 | 215.23 | 1930979 
15:00 | 215.23 | 216.18 | 213.63 | 213.85 | 1780714 
15:15 | 213.78 | 214.45 | 212.32 | 212.43 | 1484852 
15:30 | 212.44 | 213.01 | 209.80 | 209.98 | 2036806 
15:45 | 209.95 | 210.02 | 207.30 | 207.86 | 2182996 
16:00 | 207.83 | 208.29 | 207.42 | 207.97 | 1444067 
16:15 | 207.96 | 208.10 | 206.43 | 207.01 | 1634139 
16:30 | 206.99 | 207.81 | 206.40 | 207.64 | 1154206 
16:45 | 207.60 | 209.30 | 207.43 | 208.68 | 1260973 
17:00 | 208.67 | 209.20 | 208.08 | 208.64 | 770599 
17:15 | 208.61 | 208.62 | 206.04 | 206.06 | 1018218 
17:30 | 206.10 | 207.25 | 205.98 | 206.78 | 821832 
17:45 | 206.76 | 206.87 | 205.43 | 206.48 | 897463 
18:00 | 206.45 | 206.53 | 205.75 | 206.02 | 573843 
18:15 | 206.00 | 206.32 | 205.25 | 205.45 | 629810 
18:30 | 205.48 | 206.68 | 205.47 | 205.76 | 681194 
18:45 | 205.75 | 205.88 | 204.70 | 205.04 | 796187 
19:00 | 205.02 | 206.03 | 205.02 | 205.76 | 676392 
19:15 | 205.75 | 205.80 | 205.00 | 205.18 | 490963 
19:30 | 205.19 | 205.59 | 204.83 | 205.05 | 602612 
19:45 | 205.05 | 205.92 | 204.70 | 205.72 | 696932 
20:00 | 205.74 | 205.76 | 203.92 | 204.45 | 919626 
20:15 | 204.45 | 205.04 | 204.12 | 204.53 | 696533 
20:30 | 204.55 | 204.59 | 203.78 | 204.06 | 936817 
20:45 | 204.04 | 204.31 | 203.43 | 203.83 | 2211839 
14:30 | 201.77 | 202.95 | 200.21 | 201.75 | 1494688 [ENTRADA]
14:45 | 201.74 | 203.11 | 198.13 | 198.37 | 1579638 
15:00 | 198.34 | 200.61 | 198.00 | 200.22 | 1219382 
15:15 | 200.16 | 200.65 | 198.80 | 198.92 | 1059497 
15:30 | 198.92 | 199.43 | 197.69 | 197.94 | 826698 
15:45 | 197.95 | 199.42 | 197.76 | 199.05 | 644970 
16:00 | 199.07 | 199.65 | 198.68 | 199.13 | 510356 
16:15 | 199.12 | 200.40 | 198.72 | 200.34 | 507203 
16:30 | 200.37 | 201.99 | 200.27 | 200.96 | 855993 
16:45 | 200.96 | 201.91 | 200.92 | 201.56 | 436250 
17:00 | 201.61 | 201.72 | 200.95 | 201.28 | 405795 
17:15 | 201.20 | 201.40 | 200.69 | 200.96 | 463636 
17:30 | 201.02 | 201.24 | 200.41 | 200.96 | 418905 
17:45 | 200.99 | 202.02 | 200.88 | 201.72 | 461943 
18:00 | 201.74 | 203.27 | 201.65 | 202.91 | 667493 
18:15 | 202.88 | 203.02 | 201.28 | 201.50 | 617314 
18:30 | 201.50 | 202.86 | 201.50 | 202.45 | 643869 
18:45 | 202.45 | 202.77 | 201.16 | 201.55 | 498428 
19:00 | 201.53 | 201.84 | 201.30 | 201.54 | 396965 
19:15 | 201.50 | 202.03 | 201.03 | 201.39 | 473701 
19:30 | 201.44 | 201.59 | 200.68 | 201.30 | 398626 
19:45 | 201.32 | 201.77 | 201.03 | 201.68 | 378248 
20:00 | 201.70 | 201.90 | 201.04 | 201.19 | 364739 
20:15 | 201.21 | 201.76 | 201.17 | 201.39 | 396331 
20:30 | 201.40 | 201.71 | 200.89 | 201.25 | 483247 
20:45 | 201.28 | 202.29 | 200.80 | 201.97 | 1227857 
15:30 | 204.95 | 208.43 | 203.62 | 206.01 | 2778329 
RESULTADO: FALLO
============================================================


============================================================
ANALISIS: TSLA | P5_CONTINUATION_PUT | ENTRADA: 384.02 | TP: 366.74 | SL: 393.62
Hora  |  Open  |  High  |  Low   |  Close |  Vol
14:30 | 390.01 | 396.23 | 389.28 | 393.27 | 5431139 
14:45 | 393.27 | 393.78 | 391.65 | 392.02 | 2650989 
15:00 | 392.05 | 393.55 | 390.50 | 393.18 | 2594463 
15:15 | 393.16 | 394.83 | 392.73 | 393.83 | 2102931 
15:30 | 393.95 | 394.81 | 393.16 | 394.20 | 1440897 
15:45 | 394.20 | 394.45 | 393.02 | 393.20 | 1343581 
16:00 | 393.18 | 393.60 | 391.50 | 391.68 | 1781415 
16:15 | 391.69 | 392.67 | 389.26 | 392.60 | 2399765 
16:30 | 392.62 | 393.05 | 390.29 | 390.77 | 1536287 
16:45 | 390.78 | 390.92 | 388.27 | 388.87 | 2055448 
17:00 | 388.86 | 389.47 | 387.84 | 388.22 | 1656405 
17:15 | 388.19 | 389.79 | 387.60 | 389.14 | 1431754 
17:30 | 389.11 | 390.16 | 388.81 | 389.52 | 1192034 
17:45 | 389.58 | 389.76 | 388.64 | 389.37 | 1039120 
18:00 | 389.37 | 389.65 | 387.84 | 388.84 | 1188359 
18:15 | 388.82 | 388.88 | 387.98 | 388.30 | 1049963 
18:30 | 388.31 | 389.75 | 387.68 | 389.27 | 1169827 
18:45 | 389.27 | 389.31 | 387.33 | 388.28 | 1436060 
19:00 | 388.21 | 388.35 | 387.45 | 388.11 | 890962 
19:15 | 388.14 | 388.92 | 387.56 | 387.66 | 1014850 
19:30 | 387.65 | 387.87 | 386.51 | 386.69 | 1373058 
19:45 | 386.69 | 387.10 | 385.47 | 386.19 | 1292629 
20:00 | 386.23 | 386.23 | 385.07 | 385.64 | 1466330 
20:15 | 385.65 | 386.97 | 385.46 | 385.49 | 1349350 
20:30 | 385.47 | 386.29 | 385.01 | 385.77 | 1229082 
20:45 | 385.73 | 386.51 | 385.42 | 385.94 | 1664635 
14:30 | 381.60 | 383.38 | 379.48 | 382.89 | 3703936 [ENTRADA]
14:45 | 382.85 | 384.44 | 382.39 | 384.02 | 2575443 
15:00 | 384.04 | 384.30 | 381.39 | 382.74 | 2405799 
15:15 | 382.72 | 383.35 | 381.21 | 381.22 | 1537395 
15:30 | 381.21 | 382.61 | 379.93 | 380.11 | 1954874 
15:45 | 380.09 | 380.81 | 377.98 | 379.60 | 2267552 
16:00 | 379.61 | 380.65 | 379.45 | 379.94 | 1330637 
16:15 | 379.91 | 380.47 | 378.90 | 380.00 | 1223981 
16:30 | 380.01 | 380.53 | 379.47 | 379.99 | 933672 
16:45 | 380.00 | 381.09 | 379.47 | 379.75 | 1056691 
17:00 | 379.73 | 379.86 | 378.90 | 379.21 | 926576 
17:15 | 379.23 | 379.23 | 376.96 | 377.22 | 1661911 
17:30 | 377.25 | 377.89 | 376.64 | 377.19 | 1259612 
17:45 | 377.19 | 377.84 | 376.43 | 377.66 | 1118901 
18:00 | 377.69 | 378.10 | 376.88 | 376.92 | 980523 
18:15 | 376.90 | 377.37 | 376.32 | 377.02 | 940853 
18:30 | 377.01 | 377.71 | 376.05 | 376.06 | 1108120 
18:45 | 376.08 | 376.31 | 374.61 | 374.88 | 1598429 
19:00 | 374.86 | 375.76 | 374.82 | 375.48 | 1228367 
19:15 | 375.46 | 375.83 | 374.41 | 374.75 | 1182096 
19:30 | 374.77 | 375.84 | 374.75 | 375.14 | 1182566 
19:45 | 375.12 | 375.58 | 374.28 | 374.55 | 1184510 
20:00 | 374.55 | 374.78 | 372.51 | 372.84 | 1866896 
20:15 | 372.85 | 373.71 | 372.59 | 373.15 | 1591141 
20:30 | 373.15 | 373.30 | 372.47 | 372.80 | 1481900 
20:45 | 372.79 | 374.00 | 371.87 | 372.24 | 2892337 
14:30 | 369.80 | 369.86 | 363.52 | 364.64 | 4353003 
RESULTADO: EXITO
============================================================


============================================================
ANALISIS: TSLA | P5_CONTINUATION_PUT | ENTRADA: 362.56 | TP: 346.24 | SL: 371.62
Hora  |  Open  |  High  |  Low   |  Close |  Vol
14:30 | 381.60 | 383.38 | 379.48 | 382.89 | 3703936 
14:45 | 382.85 | 384.44 | 382.39 | 384.02 | 2575443 
15:00 | 384.04 | 384.30 | 381.39 | 382.74 | 2405799 
15:15 | 382.72 | 383.35 | 381.21 | 381.22 | 1537395 
15:30 | 381.21 | 382.61 | 379.93 | 380.11 | 1954874 
15:45 | 380.09 | 380.81 | 377.98 | 379.60 | 2267552 
16:00 | 379.61 | 380.65 | 379.45 | 379.94 | 1330637 
16:15 | 379.91 | 380.47 | 378.90 | 380.00 | 1223981 
16:30 | 380.01 | 380.53 | 379.47 | 379.99 | 933672 
16:45 | 380.00 | 381.09 | 379.47 | 379.75 | 1056691 
17:00 | 379.73 | 379.86 | 378.90 | 379.21 | 926576 
17:15 | 379.23 | 379.23 | 376.96 | 377.22 | 1661911 
17:30 | 377.25 | 377.89 | 376.64 | 377.19 | 1259612 
17:45 | 377.19 | 377.84 | 376.43 | 377.66 | 1118901 
18:00 | 377.69 | 378.10 | 376.88 | 376.92 | 980523 
18:15 | 376.90 | 377.37 | 376.32 | 377.02 | 940853 
18:30 | 377.01 | 377.71 | 376.05 | 376.06 | 1108120 
18:45 | 376.08 | 376.31 | 374.61 | 374.88 | 1598429 
19:00 | 374.86 | 375.76 | 374.82 | 375.48 | 1228367 
19:15 | 375.46 | 375.83 | 374.41 | 374.75 | 1182096 
19:30 | 374.77 | 375.84 | 374.75 | 375.14 | 1182566 
19:45 | 375.12 | 375.58 | 374.28 | 374.55 | 1184510 
20:00 | 374.55 | 374.78 | 372.51 | 372.84 | 1866896 
20:15 | 372.85 | 373.71 | 372.59 | 373.15 | 1591141 
20:30 | 373.15 | 373.30 | 372.47 | 372.80 | 1481900 
20:45 | 372.79 | 374.00 | 371.87 | 372.24 | 2892337 
14:30 | 369.80 | 369.86 | 363.52 | 364.64 | 4353003 [ENTRADA]
14:45 | 364.57 | 366.75 | 361.37 | 362.56 | 3563354 
15:00 | 362.56 | 364.11 | 361.93 | 363.58 | 2463099 
15:15 | 363.58 | 364.44 | 362.51 | 363.12 | 2037463 
15:30 | 363.08 | 364.73 | 363.01 | 364.15 | 1761181 
15:45 | 364.12 | 366.00 | 363.52 | 365.35 | 1939458 
16:00 | 365.33 | 367.07 | 365.33 | 366.06 | 1721170 
16:15 | 366.05 | 367.28 | 364.60 | 367.23 | 1814536 
16:30 | 367.26 | 368.31 | 366.78 | 367.51 | 1622368 
16:45 | 367.52 | 367.93 | 366.51 | 366.84 | 1031925 
17:00 | 366.87 | 366.97 | 365.05 | 365.45 | 1234522 
17:15 | 365.45 | 365.63 | 364.20 | 364.45 | 949994 
17:30 | 364.43 | 364.69 | 363.15 | 364.06 | 1321788 
17:45 | 364.04 | 364.57 | 363.50 | 363.81 | 1130513 
18:00 | 363.83 | 364.72 | 363.05 | 363.72 | 1372068 
18:15 | 363.75 | 363.75 | 361.77 | 361.79 | 1549162 
18:30 | 361.82 | 362.50 | 360.62 | 360.79 | 1588027 
18:45 | 360.78 | 361.13 | 359.55 | 359.75 | 1828526 
19:00 | 359.74 | 360.58 | 359.53 | 360.38 | 1529173 
19:15 | 360.38 | 361.32 | 360.08 | 360.72 | 1565982 
19:30 | 360.74 | 362.14 | 360.54 | 361.47 | 1357094 
19:45 | 361.50 | 361.70 | 360.33 | 360.68 | 1248943 
20:00 | 360.68 | 360.89 | 359.47 | 360.27 | 1436109 
20:15 | 360.25 | 362.08 | 360.20 | 361.37 | 1949879 
20:30 | 361.38 | 362.09 | 360.97 | 361.57 | 1710937 
20:45 | 361.60 | 362.62 | 360.23 | 361.76 | 3063916 
15:30 | 365.86 | 367.29 | 362.04 | 363.45 | 3743112 
RESULTADO: EN CURSO
============================================================


============================================================
ANALISIS: NVDA | P5_CONTINUATION_PUT | ENTRADA: 168.41 | TP: 160.83 | SL: 172.62
Hora  |  Open  |  High  |  Low   |  Close |  Vol
14:30 | 176.15 | 176.51 | 175.17 | 175.96 | 8745160 
14:45 | 175.99 | 176.04 | 175.20 | 175.68 | 6420133 
15:00 | 175.69 | 175.87 | 175.00 | 175.25 | 6127457 
15:15 | 175.25 | 175.44 | 174.80 | 174.82 | 4519149 
15:30 | 174.81 | 175.16 | 173.86 | 173.96 | 6724443 
15:45 | 173.95 | 174.12 | 173.01 | 173.61 | 8048584 
16:00 | 173.62 | 174.14 | 173.60 | 173.97 | 5354828 
16:15 | 173.97 | 174.28 | 173.85 | 174.07 | 4148088 
16:30 | 174.07 | 174.49 | 173.70 | 174.44 | 4275664 
16:45 | 174.44 | 174.83 | 174.39 | 174.66 | 3674350 
17:00 | 174.66 | 174.74 | 174.22 | 174.43 | 2586539 
17:15 | 174.42 | 174.43 | 173.77 | 173.78 | 3151867 
17:30 | 173.78 | 173.97 | 173.59 | 173.89 | 2966257 
17:45 | 173.88 | 173.92 | 173.47 | 173.83 | 2918796 
18:00 | 173.82 | 174.00 | 173.57 | 173.81 | 2181351 
18:15 | 173.81 | 173.97 | 173.33 | 173.54 | 2471906 
18:30 | 173.54 | 173.72 | 172.98 | 172.98 | 3171320 
18:45 | 172.98 | 173.05 | 171.84 | 171.93 | 6330794 
19:00 | 171.92 | 172.50 | 171.91 | 172.40 | 4965875 
19:15 | 172.40 | 172.47 | 172.01 | 172.09 | 3405538 
19:30 | 172.09 | 172.38 | 172.03 | 172.15 | 3062398 
19:45 | 172.15 | 172.51 | 171.97 | 172.29 | 3195654 
20:00 | 172.30 | 172.36 | 171.55 | 171.96 | 4604726 
20:15 | 171.97 | 172.39 | 171.96 | 172.13 | 3784150 
20:30 | 172.12 | 172.15 | 171.72 | 171.83 | 3821343 
20:45 | 171.82 | 171.93 | 171.14 | 171.22 | 10014618 
14:30 | 170.00 | 170.97 | 169.08 | 170.13 | 11727000 [ENTRADA]
14:45 | 170.12 | 170.76 | 168.16 | 168.41 | 9323067 
15:00 | 168.41 | 169.39 | 168.15 | 168.85 | 8246256 
15:15 | 168.86 | 169.13 | 167.80 | 167.85 | 6752556 
15:30 | 167.83 | 168.28 | 167.55 | 168.00 | 6145086 
15:45 | 167.99 | 168.92 | 167.95 | 168.67 | 6200580 
16:00 | 168.68 | 169.13 | 168.56 | 168.62 | 4721804 
16:15 | 168.62 | 169.57 | 168.25 | 169.55 | 5609911 
16:30 | 169.56 | 169.94 | 169.18 | 169.35 | 4695610 
16:45 | 169.36 | 169.73 | 169.33 | 169.55 | 3227297 
17:00 | 169.56 | 169.64 | 169.13 | 169.34 | 2966772 
17:15 | 169.34 | 169.34 | 168.71 | 168.82 | 3159995 
17:30 | 168.81 | 168.95 | 168.37 | 168.88 | 3458910 
17:45 | 168.88 | 169.20 | 168.80 | 168.87 | 2664202 
18:00 | 168.87 | 169.27 | 168.58 | 168.69 | 3019255 
18:15 | 168.68 | 168.74 | 167.83 | 167.84 | 3533340 
18:30 | 167.84 | 168.23 | 167.83 | 167.91 | 2700536 
18:45 | 167.91 | 168.07 | 167.60 | 167.88 | 3219580 
19:00 | 167.87 | 168.06 | 167.77 | 168.02 | 3134468 
19:15 | 168.02 | 168.24 | 167.91 | 168.00 | 2986309 
19:30 | 168.00 | 168.28 | 167.78 | 167.98 | 2818032 
19:45 | 167.99 | 168.00 | 167.31 | 167.47 | 3893438 
20:00 | 167.46 | 167.66 | 167.22 | 167.45 | 3784644 
20:15 | 167.45 | 167.73 | 167.32 | 167.43 | 3889300 
20:30 | 167.44 | 167.59 | 167.25 | 167.50 | 4576417 
20:45 | 167.50 | 167.93 | 167.01 | 167.42 | 9853392 
15:30 | 168.78 | 169.45 | 166.77 | 167.88 | 11607787 
RESULTADO: EN CURSO
============================================================

